69241
65225
68011
68208
68012
70212
70266
07085
07086
07087
07069
07088
07089
07090
07091
07092
07093
07068
07094
07095
07096
07097
07070
07098
07099
07071
07072
07073
67424
07074
07075
07076
07077
07078
07079
07080
07081
07082
07083
07084
69302
65539
70173
68538
68042
68660
68041
17725
17726
17727
17728
17710
17729
17730
17731
17732
17733
65540
17734
17711
17712
17713
17714
17715
17716
17717
17718
17709
67594
17719
17720
17721
17722
17723
17724
12306
68028
69054
12328
12329
12330
12312
12331
12332
12333
12335
12336
12311
12337
12338
12313
12314
12315
12316
12317
12318
12319
12320
67519
12321
12322
12323
12324
12326
12327
05724
70348
68007
05744
05746
05728
05747
05748
05749
05750
05729
05730
65167
05731
05732
05733
05734
05735
05736
05727
05737
05739
05740
05741
05742
05743
09847
70230
68580
70263
68019
09865
09866
09848
09867
09869
09849
09850
09851
65328
09853
09854
09855
09856
67483
09857
09858
09859
09860
09861
09862
09863
24857
69345
68292
24955
24956
24941
24960
24961
24962
24965
24969
24970
24971
24972
65824
24973
24943
24946
24947
24948
24940
67715
24950
24951
24952
24954
11305
68870
68024
11327
11328
11310
11329
11330
11311
11312
11313
11314
11315
11309
11316
11317
11318
11319
11320
11321
11322
11323
11324
11325
11326
63219
69534
68890
68183
63239
63240
63241
63242
63226
63227
63228
63229
63230
63231
66778
63232
63233
63234
66779
66780
63225
67066
63236
63237
63238
08909
68018
70326
68790
08928
08929
08916
08917
08918
08919
08920
08921
08922
08923
65298
08924
65299
65300
08915
67468
67470
08925
08926
08927
14855
70015
68586
68033
14899
14900
14882
14901
14903
14883
14884
14885
14886
65445
14887
14888
14889
14891
14893
14894
14895
14896
14898
