69241
65225
68011
68208
68012
70212
70266
07085
07086
07087
07069
07088
07089
07090
07091
07092
07093
07068
07094
07095
07096
07097
07070
07098
07099
07071
07072
07073
67424
07074
07075
07076
07077
07078
07079
07080
07081
07082
07083
07084
69302
65539
70173
68538
68042
68660
68041
17725
17726
17727
17728
17710
17729
17730
17731
17732
17733
65540
17734
17711
17712
17713
17714
17715
17716
17717
17718
17709
67594
17719
17720
17721
17722
17723
17724
12306
68028
69054
12328
12329
12330
12312
12331
12332
12333
12335
12336
12311
12337
12338
12313
12314
12315
12316
12317
12318
12319
12320
67519
12321
12322
12323
12324
12326
12327
05724
70348
68007
05744
05746
05728
05747
05748
05749
05750
05729
05730
65167
05731
05732
05733
05734
05735
05736
05727
05737
05739
05740
05741
05742
05743
09847
70230
68580
70263
68019
09865
09866
09848
09867
09869
09849
09850
09851
65328
09853
09854
09855
09856
67483
09857
09858
09859
09860
09861
09862
09863
24857
69345
68292
24955
24956
24941
24960
24961
24962
24965
24969
24970
24971
24972
65824
24973
24943
24946
24947
24948
24940
67715
24950
24951
24952
24954
11305
68870
68024
11327
11328
11310
11329
11330
11311
11312
11313
11314
11315
11309
11316
11317
11318
11319
11320
11321
11322
11323
11324
11325
11326
63219
69534
68890
68183
63239
63240
63241
63242
63226
63227
63228
63229
63230
63231
66778
63232
63233
63234
66779
66780
63225
67066
63236
63237
63238
08909
68018
70326
68790
08928
08929
08916
08917
08918
08919
08920
08921
08922
08923
65298
08924
65299
65300
08915
67468
67470
08925
08926
08927
65415
70332
68592
13647
13648
13631
13632
13633
13634
13635
13636
13637
13638
13630
13639
67535
13640
13641
13642
13643
13644
13645
13646
14855
70015
68586
68033
14899
14900
14882
14901
14903
14883
14884
14885
14886
65445
14887
14888
14889
14891
14893
14894
14895
14896
14898
65717
70234
68048
21885
21886
21887
21888
21870
21889
21890
21891
21871
21872
21869
21874
21875
21876
21878
67660
67659
21883
21884
27194
69364
27219
27220
27221
27206
27207
27208
27209
27210
27211
27212
65890
27213
27214
65891
65889
67757
27215
27216
27217
27218
38482
69411
68110
68406
38539
38540
38541
38542
38525
38544
38527
38529
38530
38531
38532
38533
66183
38524
67934
38534
38536
38538
57919
57948
57949
57950
57952
57934
57953
57935
57936
57937
66606
57939
57940
57941
57942
66607
57933
67299
57943
57944
57945
57947
62152
68852
68918
68177
62173
62174
62175
62159
62160
62163
62164
62165
66743
62166
66742
62158
67036
62168
62169
62170
62171
62172
64201
64211
68416
68190
70306
68992
64223
64224
64210
64212
66818
64213
66816
64209
64215
64216
67012
64217
64219
64218
64221
64222
64275
69546
64287
68192
64290
64284
64291
64292
64293
64294
64295
64296
66820
64297
64280
64298
64299
64300
64281
64288
64289
64283
01912
69206
68001
68720
02002
02003
01987
01988
01989
01990
01991
01992
65043
01995
01986
67356
01996
01997
01998
01999
02000
06455
69236
68230
70244
06472
06473
06474
06475
06476
06477
06478
06480
65200
06471
67414
06481
06482
06483
06484
06485
06486
69281
65403
70271
13213
13214
13197
13216
13217
13198
13199
13200
13201
65402
13202
13203
13205
13196
13206
13207
13208
13209
21933
70361
68050
68674
68688
21942
21943
21944
21945
21946
21949
21950
65721
21941
67663
21951
21952
21953
21954
21955
21956
28074
69368
70270
28125
28108
28109
28110
28111
28112
28113
28114
28115
28116
28107
28118
28119
28120
28121
28122
28123
28124
69389
33266
68093
70299
33285
33267
33286
33268
33269
33270
33271
33273
33274
33277
33278
33279
33280
33281
33282
33283
33284
34822
69396
70308
34823
34824
34825
34826
34827
34828
34829
34830
34831
67873
34832
34833
34834
34835
34836
34837
34838
34839
36927
69402
36945
36946
36930
36931
36932
36933
36934
36936
36937
36938
66147
66146
36929
67908
36939
36940
36941
36942
36944
38982
69413
38994
70345
68694
68770
68114
38999
39000
39001
39002
39003
38990
67937
39004
39005
39006
38991
38995
38996
38997
40114
69422
70310
70249
68122
40115
40116
40117
40118
40119
40120
40121
40122
40123
66246
67949
40124
40126
40128
40129
40130
56552
70323
68972
56573
56574
56557
56576
56577
56578
56579
56558
56556
56560
56563
56564
67275
56566
56567
56568
56569
56571
69092
57645
57646
57628
57647
57629
57630
57631
57632
57633
57634
67292
57635
57636
57637
57638
57639
57640
57641
57642
57643
62944
69531
68330
62967
62968
62982
62970
62984
62971
66769
67057
62986
62973
62987
62964
67058
62988
62975
62965
62979
62966
63662
68187
68764
63679
63665
63666
63667
63668
63669
63670
63671
63672
63673
66798
66799
63664
67078
63675
63676
63677
63678
05628
05643
05644
05629
05630
05631
05632
05633
05634
05635
05636
65162
05637
65163
65161
67400
05638
05639
05641
05642
06822
69238
68274
68010
06835
06836
06837
06838
06839
06840
06841
65216
06832
67420
06842
06843
06844
06845
06833
06834
07383
07403
07389
07390
07391
07392
07393
07394
07395
07396
07397
65242
65241
07388
67431
07398
07399
07400
07401
07402
69257
65294
08950
08951
08952
08953
08955
08935
08936
08937
08938
08939
08942
67465
08944
08945
08946
08947
08948
08949
17076
69298
68632
68035
17097
17084
17085
17086
17087
17088
17090
17091
17092
65506
65507
17083
67578
17093
17095
17096
20976
69316
69016
20980
20981
20982
20983
20984
20985
20986
20987
65677
20978
67642
20988
20989
20990
20991
20992
20979
22109
69325
22129
22130
22114
22115
22116
22117
22118
22119
22120
22121
65731
22113
67667
22124
22125
22126
22127
22128
25318
70176
68528
25337
25338
25339
25322
25323
25324
25325
25326
25327
25328
65843
25329
25330
25321
67722
25332
25333
26688
69359
68396
68068
26713
26736
26712
26739
26741
26714
26715
26716
26717
67745
26719
26721
26722
26723
26724
26726
65884
70016
68350
68070
26972
26973
26974
26975
26976
26977
26978
26971
26980
67750
26981
26982
26983
26984
26985
26986
31746
31765
31766
31767
31750
31751
31752
31753
31754
31755
31756
65996
31757
31758
31749
67817
31759
31762
31763
31764
32146
68084
68085
68904
32156
32157
32158
32160
32161
32162
32163
66008
66007
32154
67827
32164
32165
32166
32167
32155
32319
32335
32336
32337
32338
32320
32321
32322
32323
32324
32325
66015
32326
32327
32328
66014
67829
32329
32333
32334
34685
69395
68794
34746
34733
34734
34736
34737
34738
34739
34741
66098
66099
66097
34732
67872
34742
34743
34744
34745
51054
68928
51057
51077
51081
51056
51058
51059
51060
51061
51063
51064
67188
51066
51067
51068
51069
51070
51071
51072
55356
68428
68162
68624
55364
55365
55366
55367
55368
55369
55370
66575
55361
55371
55372
55373
55374
55375
55362
55363
56835
56851
56852
56838
56839
56840
56841
56842
56843
56844
56845
66591
56846
66592
56837
67278
67279
56848
56849
56850
63191
69533
68622
68182
70245
63204
63205
63206
63207
63208
63209
63200
63210
63211
63212
63213
63214
63201
63202
63203
64082
68189
70296
70132
64087
64088
64089
64090
64091
64092
64093
64084
67009
67010
64094
64095
64096
64097
64085
64086
00618
00639
00624
00625
00626
00627
00628
00629
00630
00631
00632
65009
00623
67342
00633
00634
00635
00636
00638
02997
69213
68003
68576
70309
03004
03005
03006
03007
03008
65085
65086
65084
02999
67367
03000
03001
03002
03003
06326
69233
70107
06333
06334
06335
06336
06337
06338
06339
65187
06330
67411
06340
06341
06342
06343
06331
06332
09945
70379
09966
09967
09968
09950
09969
09970
09953
09954
65332
09955
09956
09957
09949
09960
09961
09962
09963
11752
69274
68202
68027
11771
11772
11773
11774
11775
11776
11767
67514
11777
11778
11779
11780
11768
11769
11770
13309
69282
13337
13325
13326
13327
13328
13329
13330
13331
65408
65409
13323
67531
67530
13333
13334
13335
13336
13681
69283
13697
13698
13699
13700
13701
13702
13703
13704
13695
67536
13705
13706
13707
13708
13709
13710
13696
14621
68032
70152
68988
69048
14626
14627
14628
14629
14630
65434
67550
14631
14632
14633
14622
14623
14624
14625
14669
69290
14673
14674
14675
14676
14677
14678
14679
14680
65439
65440
14671
14681
14682
14683
14684
14685
14672
17007
68842
70049
17015
17016
17017
17018
17019
17020
17022
65503
65504
17013
67579
17023
17024
17025
17026
17014
18316
69307
68520
68044
69086
18326
18328
18329
18331
18332
65601
18323
67610
67611
18333
18334
18335
18324
18325
19255
68344
68046
70051
19261
19262
19263
19264
19265
19266
65635
19257
67624
19267
19268
19269
19258
19259
19260
65761
68053
68692
68054
70376
22954
22955
22956
22959
22960
22961
22962
22963
22964
22965
22966
22967
22952
22953
69343
24655
24656
24657
24658
24659
24660
24638
24639
24640
24641
24642
24643
24645
24636
24648
24649
24651
24652
66010
68086
69068
32263
32248
32249
32250
32251
32252
32253
32254
32255
32246
67826
32257
32258
32259
32260
32261
35506
68099
68974
35511
35512
35513
35514
35515
35516
35517
35518
66112
35509
67886
35519
35520
35521
35522
35523
42827
69430
68132
68398
70246
42831
42832
42833
42835
42836
42838
66296
42829
67990
42840
42841
42842
42843
42830
42953
69431
42974
42976
42977
42958
42959
42960
42961
66297
42962
42963
42964
42956
42966
42967
42969
42971
42972
69433
43166
68288
68133
43170
43171
43172
43173
43174
43175
67081
43176
43177
43178
43179
43180
43167
43168
43169
49577
69455
68218
68510
70207
68145
49601
49602
49603
49604
49595
67170
49605
49606
49596
49597
49598
49599
49600
50036
50037
50038
50039
50040
50041
50042
50043
50044
50045
66441
67177
50046
50047
50048
50049
50050
50051
50052
51206
70355
51221
51223
51224
51225
51226
51227
51228
51229
66469
51220
51230
51231
51232
51233
51234
51235
51236
58488
69511
68294
70356
68171
58502
58503
58504
58505
58506
66644
58497
67309
58507
58508
58498
58499
58500
58501
62241
69524
68178
68540
62246
62247
62248
62249
62250
62251
62253
62244
67038
62254
62256
62257
62258
62259
62245
63769
68924
63804
63805
63806
63789
63790
63791
63792
63793
63794
63795
66804
63788
67003
63799
63801
63802
63803
10146
10161
10162
10164
10147
10166
10148
10149
65341
10151
65342
67489
67490
10156
10157
10158
10159
10160
10888
69269
68374
10895
10896
10898
10899
10900
10901
65362
65363
10892
67501
10902
10903
10904
10893
10894
13154
70030
68029
69004
13158
13159
13160
13161
13162
67527
13164
13165
13166
13167
13168
13155
13156
13157
15031
70119
15034
15035
15036
15037
15038
15039
15040
65449
65450
67555
67556
15041
15042
15043
15032
15033
65792
70029
23782
23771
23772
23773
23774
23775
23766
23776
23777
67697
23778
23779
23780
23767
23768
23769
28187
69370
70295
68954
28205
28206
28207
28208
28210
28201
67776
28211
28212
28213
28214
28202
28203
28204
30830
68320
68079
30847
30848
30849
30831
30832
30833
30834
30835
30837
30838
67802
30840
30841
30842
30843
66038
68636
70325
68089
32948
32949
32950
32951
32953
32954
32945
67840
32955
32956
32957
32959
32946
32947
66111
68810
35454
35455
35456
35457
35458
35460
35461
35452
67890
35462
35463
35464
35465
35466
35467
35453
37879
70237
68544
37885
37886
37887
37888
37889
37890
37881
67925
37891
37892
37893
37894
37882
37883
37884
40816
68364
68125
40838
40839
40840
40841
40842
40843
40834
67958
40844
40845
40846
40847
40835
40836
40837
41008
68446
70211
68127
41030
41031
41032
41033
41034
41025
67961
41035
41036
41037
41026
41027
41028
41029
45252
69439
70378
45265
45266
45267
45268
45269
45270
66351
45261
67111
45271
45272
45273
45262
45263
45264
45432
69440
68137
68726
70247
45438
45439
45440
45441
66355
67114
45442
45443
45433
45434
45435
45436
45437
68142
48122
48123
48105
48124
48126
48106
48107
48108
67143
48109
48111
48112
67142
48114
48115
48117
48120
49173
68856
49175
49176
49178
49179
49180
49181
49182
67159
67161
49183
49184
49185
49186
49187
49188
49174
53258
68336
70335
53272
53273
53274
53275
53276
53277
66531
66532
53268
67227
53278
53279
53269
53270
53271
57273
57278
57279
57280
57281
57282
57283
57284
57285
57276
67287
57286
57287
57288
57289
57290
57291
57277
58359
70026
58362
58363
58364
58365
58366
58367
58368
66637
66638
66639
66640
67306
58369
58370
58360
58361
61804
68248
61807
61808
61809
61810
61811
61812
61813
66731
61814
61815
61816
61817
61818
61819
61805
61806
62077
62113
62098
62100
62101
62102
62103
62104
62105
62106
66740
62097
67034
62107
62109
62110
62111
62112
62479
68179
70069
68722
62504
62505
62506
62507
62508
66752
62499
67044
62509
62510
62500
62501
62502
62503
63325
70333
68766
63329
63330
63331
63332
63333
63334
66784
66785
67068
63335
63336
63337
63326
63327
63328
64260
69545
68191
68964
70240
64266
64267
64268
64269
66819
67013
64270
64271
64261
64262
64263
64264
64265
